# BEGIN PLOT
Legend=1
LogY=1
Title=$\pi^{+}$ in p+p at $\sqrt{s_{NN}}=$ 62GeV
XLabel=$p_{T}$(GeV/c)
YLabel=$\frac{1}{N_{Event}2\pi p_{T}}\frac{d^{2}N}{dp_{T}dy}$
DrawOnly=/PHENIX_2011_I886590/d05-x01-y01 //lustre/isaac/proj/UTK0019/sharr100/rivet/RIVETAnalyses/PHENIX_2011_I886590/Rivet_pp62.yoda/PHENIX_2011_I886590:beam=pp62/d05-x01-y01
LegendOnly=/PHENIX_2011_I886590/d05-x01-y01 //lustre/isaac/proj/UTK0019/sharr100/rivet/RIVETAnalyses/PHENIX_2011_I886590/Rivet_pp62.yoda/PHENIX_2011_I886590:beam=pp62/d05-x01-y01
RatioPlot=1
RatioPlotReference=/PHENIX_2011_I886590/d05-x01-y01
# END PLOT

# BEGIN HISTO1D /PHENIX_2011_I886590/d05-x01-y01
ConnectBins=0
ErrorBars=1
IsRef=1
Path=/PHENIX_2011_I886590/d05-x01-y01
PolyMarker=*
Title=Data
# xlow	 xhigh	 val	 errminus	 errplus
3.000000e-01	4.000000e-01	1.960000e+01	1.414214e+00	1.414214e+00
4.000000e-01	5.000000e-01	1.070000e+01	8.062258e-01	8.062258e-01
5.000000e-01	6.000000e-01	5.950000e+00	4.242641e-01	4.242641e-01
6.000000e-01	7.000000e-01	3.380000e+00	2.433105e-01	2.433105e-01
7.000000e-01	8.000000e-01	1.910000e+00	1.315295e-01	1.315295e-01
8.000000e-01	9.000000e-01	1.130000e+00	8.246211e-02	8.246211e-02
9.000000e-01	1.000000e+00	6.860000e-01	4.903060e-02	4.903060e-02
1.000000e+00	1.100000e+00	4.300000e-01	3.080584e-02	3.080584e-02
1.100000e+00	1.200000e+00	2.650000e-01	1.964688e-02	1.964688e-02
1.200000e+00	1.300000e+00	1.660000e-01	1.264911e-02	1.264911e-02
1.300000e+00	1.400000e+00	1.080000e-01	7.615773e-03	7.615773e-03
1.400000e+00	1.500000e+00	7.200000e-02	5.348832e-03	5.348832e-03
1.500000e+00	1.600000e+00	5.040000e-02	3.807887e-03	3.807887e-03
1.600000e+00	1.700000e+00	3.480000e-02	2.683282e-03	2.683282e-03
1.700000e+00	1.800000e+00	2.330000e-02	1.835756e-03	1.835756e-03
1.800000e+00	1.900000e+00	1.580000e-02	1.360147e-03	1.360147e-03
1.900000e+00	2.000000e+00	1.110000e-02	1.063015e-03	1.063015e-03
2.000000e+00	2.100000e+00	7.130000e-03	7.213876e-04	7.213876e-04
2.100000e+00	2.200000e+00	5.630000e-03	6.403124e-04	6.403124e-04
2.200000e+00	2.300000e+00	4.220000e-03	5.243091e-04	5.243091e-04
2.300000e+00	2.400000e+00	2.690000e-03	4.159327e-04	4.159327e-04
2.400000e+00	2.500000e+00	1.960000e-03	3.401470e-04	3.401470e-04
2.500000e+00	2.600000e+00	1.450000e-03	3.478505e-04	3.478505e-04
2.600000e+00	2.700000e+00	9.070000e-04	2.308679e-04	2.308679e-04
2.700000e+00	2.800000e+00	1.090000e-03	3.132092e-04	3.132092e-04
2.800000e+00	2.900000e+00	6.480000e-04	2.360275e-04	2.360275e-04
# END HISTO1D


# BEGIN HISTO1D //lustre/isaac/proj/UTK0019/sharr100/rivet/RIVETAnalyses/PHENIX_2011_I886590/Rivet_pp62.yoda/PHENIX_2011_I886590:beam=pp62/d05-x01-y01
ErrorBars=1
LineColor=red
LineStyle=solid
Path=//lustre/isaac/proj/UTK0019/sharr100/rivet/RIVETAnalyses/PHENIX_2011_I886590/Rivet_pp62.yoda/PHENIX_2011_I886590:beam=pp62/d05-x01-y01
ScaledBy=1.83590412365177108e-03
Title=Rivet_pp62
# xlow	 xhigh	 val	 errminus	 errplus
3.000000e-01	4.000000e-01	2.460386e+01	5.416935e-01	5.416935e-01
4.000000e-01	5.000000e-01	1.511984e+01	3.745014e-01	3.745014e-01
5.000000e-01	6.000000e-01	9.441256e+00	2.676823e-01	2.676823e-01
6.000000e-01	7.000000e-01	5.304431e+00	1.845648e-01	1.845648e-01
7.000000e-01	8.000000e-01	3.383876e+00	1.372343e-01	1.372343e-01
8.000000e-01	9.000000e-01	2.136203e+00	1.024231e-01	1.024231e-01
9.000000e-01	1.000000e+00	1.080895e+00	6.891536e-02	6.891536e-02
1.000000e+00	1.100000e+00	6.956981e-01	5.258984e-02	5.258984e-02
1.100000e+00	1.200000e+00	4.283081e-01	3.942895e-02	3.942895e-02
1.200000e+00	1.300000e+00	2.370939e-01	2.813787e-02	2.813787e-02
1.300000e+00	1.400000e+00	1.917035e-01	2.434637e-02	2.434637e-02
1.400000e+00	1.500000e+00	1.295438e-01	1.931125e-02	1.931125e-02
1.500000e+00	1.600000e+00	7.540470e-02	1.425015e-02	1.425015e-02
1.600000e+00	1.700000e+00	5.565585e-02	1.186587e-02	1.186587e-02
1.700000e+00	1.800000e+00	4.531976e-02	1.039707e-02	1.039707e-02
1.800000e+00	1.900000e+00	1.128159e-02	5.045281e-03	5.045281e-03
1.900000e+00	2.000000e+00	1.498427e-02	5.663521e-03	5.663521e-03
2.000000e+00	2.100000e+00	2.239809e-02	6.753277e-03	6.753277e-03
2.100000e+00	2.200000e+00	1.747335e-02	5.824449e-03	5.824449e-03
2.200000e+00	2.300000e+00	9.275975e-03	4.148342e-03	4.148342e-03
2.300000e+00	2.400000e+00	8.881253e-03	3.971817e-03	3.971817e-03
2.400000e+00	2.500000e+00	3.407501e-03	2.409467e-03	2.409467e-03
2.500000e+00	2.600000e+00	6.547747e-03	3.273874e-03	3.273874e-03
2.600000e+00	2.700000e+00	4.725497e-03	2.728267e-03	2.728267e-03
2.700000e+00	2.800000e+00	0.000000e+00	0.000000e+00	0.000000e+00
2.800000e+00	2.900000e+00	1.464628e-03	1.464628e-03	1.464628e-03
# END HISTO1D

